6.421e+06 7.40801e-23
167547 6.32114e-17
1.26745e+07 1.77333e-23
866429 1.20692e-20
1.19756e+07 1.98025e-23
2.05851e+06 1.23422e-21
1.07835e+07 2.43855e-23
3.63817e+06 2.88133e-22
9.20383e+06 3.37499e-23
5.46508e+06 1.07493e-22
7.37692e+06 5.42944e-23
27886.4 3.7123e-16
1.28141e+07 1.73623e-23
448460 3.58224e-17
1.23935e+07 1.85204e-23
1.40737e+06 3.3432e-21
1.14346e+07 2.16913e-23
2.80754e+06 5.54254e-22
1.00345e+07 2.82222e-23
4.5307e+06 1.68067e-22
8.3113e+06 4.18905e-23
3.2105e+06 3.94281e-22
83774.1 1.93103e-16
6.33723e+06 7.63273e-23
433215 5.14011e-17
5.98779e+06 8.69231e-23
1.02926e+06 7.64401e-21
5.39174e+06 1.10958e-22
1.81908e+06 1.7041e-21
4.60192e+06 1.61849e-22
2.73254e+06 5.93972e-22
3.68846e+06 2.78453e-22
13943.7 9.34924e-16
6.40706e+06 7.44471e-23
224230 2.4581e-17
6.19677e+06 8.03362e-23
703686 2.10058e-20
5.71732e+06 9.67417e-23
1.40377e+06 3.36584e-21
5.01723e+06 1.31563e-22
2.26535e+06 9.62596e-22
4.15565e+06 2.07429e-22
9.6315e+06 3.07067e-23
6.50477e+06 7.19327e-23
1.27582e+07 1.75092e-23
6.85421e+06 6.39306e-23
1.24088e+07 1.84762e-23
7.45026e+06 5.31244e-23
1.18127e+07 2.03419e-23
8.24008e+06 4.26715e-23
1.10229e+07 2.33345e-23
9.15354e+06 3.41393e-23
1.01095e+07 2.77955e-23
6.43494e+06 7.3716e-23
1.28281e+07 1.73259e-23
6.64523e+06 6.85405e-23
1.26178e+07 1.78876e-23
7.12469e+06 5.86408e-23
1.21383e+07 1.92865e-23
7.82477e+06 4.77198e-23
1.14382e+07 2.16777e-23
8.68635e+06 3.81263e-23
1.05766e+07 2.53567e-23
1.60525e+06 2.36507e-21
41887.5 2.84622e-16
3.16861e+06 4.07578e-22
216608 2.67348e-17
2.99389e+06 4.70569e-22
514629 3.86005e-18
2.69587e+06 6.14873e-22
909543 1.06098e-20
2.30096e+06 9.24511e-22
1.36627e+06 3.61488e-21
1.84423e+06 1.64401e-21
6972.34 3.65135e-15
3.20353e+06 3.96451e-22
112116 1.4268e-16
3.09839e+06 4.31356e-22
351843 1.20218e-16
2.85866e+06 5.29312e-22
701885 2.11539e-20
2.50862e+06 7.39717e-22
1.13268e+06 5.93221e-21
2.07782e+06 1.2046e-21
4.81575e+06 1.45097e-22
3.25239e+06 3.81598e-22
6.37911e+06 7.51909e-23
3.42711e+06 3.34555e-22
6.20439e+06 8.01105e-23
3.72513e+06 2.7169e-22
5.90637e+06 8.97134e-23
4.12004e+06 2.11851e-22
5.51146e+06 1.05385e-22
4.57677e+06 1.64005e-22
5.05473e+06 1.29253e-22
3.21747e+06 3.92129e-22
6.41403e+06 7.42633e-23
3.32262e+06 3.61612e-22
6.30889e+06 7.71113e-23
3.56234e+06 3.03674e-22
6.06916e+06 8.42639e-23
3.91238e+06 2.40609e-22
5.71912e+06 9.66709e-23
4.34318e+06 1.86229e-22
5.28832e+06 1.16136e-22
802626 1.47872e-20
20944.3 5.00228e-16
1.58431e+06 2.44808e-21
108305 1.49234e-16
1.49695e+06 2.8418e-21
257315 2.97656e-17
1.34794e+06 3.74599e-21
454772 3.03162e-17
1.15048e+06 5.69242e-21
683136 2.28495e-20
922116 1.02303e-20
3486.67 1.15265e-14
1.60177e+06 2.37861e-21
56058.3 2.4675e-16
1.54919e+06 2.59661e-21
175922 5.44981e-17
1.42933e+06 3.20956e-21
350943 1.20039e-16
1.25431e+06 4.52999e-21
566339 3.63165e-19
1.03891e+06 7.45721e-21
2.40788e+06 8.22132e-22
1.62619e+06 2.28593e-21
3.18956e+06 4.00851e-22
1.71355e+06 1.99274e-21
3.1022e+06 4.30015e-22
1.86256e+06 1.60206e-21
2.95319e+06 4.8723e-22
2.06002e+06 1.23187e-21
2.75573e+06 5.8127e-22
2.28839e+06 9.37713e-22
2.52737e+06 7.25678e-22
1.60874e+06 2.35164e-21
3.20702e+06 3.95364e-22
1.66131e+06 2.1613e-21
3.15444e+06 4.12222e-22
1.78117e+06 1.80065e-21
3.03458e+06 4.54718e-22
1.95619e+06 1.40952e-21
2.85956e+06 5.28887e-22
2.17159e+06 1.07408e-21
2.64416e+06 6.46165e-22
401313 8.96845e-17
10472.6 1.6149e-15
792154 1.53122e-20
54152.8 2.50982e-16
748474 1.78033e-20
128658 1.15514e-16
673969 2.38362e-20
227386 2.40204e-17
575240 2.36837e-19
341568 1.16417e-16
461059 2.54199e-17
1743.83 2.09427e-14
800883 1.48729e-20
28029.7 3.69625e-16
774597 1.62517e-20
87961.6 1.85457e-16
714665 2.0142e-20
175472 5.49419e-17
627155 3.70778e-20
283170 5.19092e-17
519457 3.15513e-18
1.20394e+06 5.04818e-21
813098 1.42868e-20
1.59478e+06 2.40608e-21
856778 1.24334e-20
1.5511e+06 2.58823e-21
931283 9.96534e-21
1.47659e+06 2.94605e-21
1.03001e+06 7.62918e-21
1.37787e+06 3.53522e-21
1.14419e+06 5.77554e-21
1.26368e+06 4.44177e-21
804369 1.47023e-20
1.60351e+06 2.37183e-21
830655 1.34988e-20
1.57722e+06 2.47708e-21
890587 1.12196e-20
1.51729e+06 2.74266e-21
978097 8.74995e-21
1.42978e+06 3.2069e-21
1.08579e+06 6.63451e-21
1.32208e+06 3.94238e-21
200657 3.4569e-17
5236.82 6.21939e-15
396078 9.56791e-17
27076.9 3.80828e-16
374238 1.15159e-16
64329.5 2.29706e-16
336985 1.13531e-16
113694 1.39995e-16
287621 5.70641e-17
170785 5.97292e-17
230530 2.3665e-17
872.417 2.57229e-14
400442 9.07039e-17
14015.3 9.26383e-16
387299 1.048e-16
43981.3 2.77674e-16
357333 1.20656e-16
87736.5 1.85867e-16
313578 8.99159e-17
141585 9.61122e-17
259729 3.11736e-17
601970 7.43225e-20
406549 8.34243e-17
797390 1.50466e-20
428389 5.69047e-17
775550 1.61987e-20
465642 2.22185e-17
738297 1.84639e-20
515006 3.80034e-18
688933 2.22892e-20
572097 2.7521e-19
631842 3.42153e-20
402185 8.86578e-17
801755 1.483e-20
415328 7.26514e-17
788612 1.54956e-20
445294 3.88022e-17
758646 1.71757e-20
489049 1.03201e-17
714890 2.0125e-20
542898 1.11177e-18
661041 2.55809e-20
100329 1.63221e-16
2618.91 1.57564e-14
198039 3.62498e-17
13538.9 9.8606e-16
187119 4.43753e-17
32165.2 3.32722e-16
168493 6.21794e-17
56847.4 2.45041e-16
143811 9.29614e-17
85392.8 1.90141e-16
115265 1.37338e-16
436.709 2.72306e-14
200222 3.48414e-17
7008.17 3.61488e-15
193650 3.93027e-17
21991.1 4.7151e-16
178667 5.18531e-17
43868.8 2.78029e-16
156789 7.57933e-17
70793.2 2.17236e-16
129865 1.13627e-16
300985 7.384e-17
203275 3.29954e-17
398696 9.27225e-17
214195 2.7641e-17
387776 1.04343e-16
232821 2.35376e-17
369149 1.17851e-16
257504 2.98705e-17
344467 1.17873e-16
286049 5.52102e-17
315922 9.277e-17
201093 3.42997e-17
400878 9.01952e-17
207664 3.06037e-17
394306 9.76256e-17
222647 2.49369e-17
379323 1.1167e-16
244525 2.47211e-17
357446 1.20653e-16
271449 4.0026e-17
330521 1.08338e-16
50165.1 2.60442e-16
1309.95 2.35066e-14
99020.2 1.65546e-16
6769.97 3.86716e-15
93560.1 1.75323e-16
16083.1 7.3212e-16
84247 1.92237e-16
28424.2 3.65343e-16
71905.9 2.15131e-16
42696.9 2.81848e-16
57633.2 2.4336e-16
218.854 2.76328e-14
100111 1.63607e-16
3504.58 1.14514e-14
96825.5 1.69462e-16
10996.1 1.46596e-15
89334 1.82963e-16
21934.9 4.72935e-16
78395.2 2.03009e-16
35397.1 3.12647e-16
64933 2.28519e-16
150493 8.38588e-17
101638 1.60903e-16
199348 3.53962e-17
107098 1.51328e-16
193888 3.91296e-17
116411 1.35412e-16
184575 4.65192e-17
128752 1.15366e-16
172234 5.82166e-17
143025 9.40673e-17
157961 7.43485e-17
100547 1.62835e-16
200439 3.47049e-17
103833 1.57036e-16
197154 3.68423e-17
111324 1.44034e-16
189662 4.2326e-17
122263 1.2574e-16
178723 5.17999e-17
135725 1.04682e-16
165261 6.57559e-17
